Введите количество строк (столбцов) квадратной матрицы в интервале от 4 до 100: 20
Введите число К: 10
Матрица А
[[ -3  -4  -9   7  -4  -4   0   7   5  -5   1   6  -6   8  -8   0  -2   4  1   9]
 [ -7  -2  -6  -3   1  -5   6  -5   1 -10   4   9   4   1 -10  -3  -4   7  3  -5]
 [-10  -7  -4   9   8   0  -1 -10   2 -10  -4  -1  -7  -9  -8   4   8   8 -1   0]
 [  7   1  -7   8   4  -3   1   6   8   1   9 -10  -3  -7   7  -2  -2  -4  8   9]
 [ -5  -6  -4  -3  -3   8   5   6  -2  -9   7  -1  -1 -10   3   2   2   3  2   3]
 [  0   9   0   3  -5   1  -5  -2   9  -2   1  -3 -10   1 -10  -5   0   7  6  -9]
 [ -7   1  -4   0  -9  -9   6  -8  -9  -7  -7   6   0 -10  -8   4   4  -8  3   8]
 [  5   2  -4  -7  -2  -7   9   2 -10   2  -2  -6  -6  -8 -10 -10  -3  -3  1  -7]
 [ -7  -4   0  -5   7   3   4   3 -10   9  -1  -1  -6   8  -4  -2   9   7  9 -10]
 [ -2   6  -3   6   4   9  -5  -8   9  -6   0   6  -6  -8   1  -4  -2  -5 -2   9]
 [  3  -7   9   7  -5  -8  -9   4   2  -6   1  -1 -10  -3   4   0   1   1  4   0]
 [ -4   4   0   6  -5  -2  -9   5  -4 -10  -6   3   1  -2  -6   3  -9   0  0   2]
 [ -6   8  -7   8  -9  -1   6   1   1   8   3  -1   7   7  -7  -4   6   3  4   7]
 [ -2   6  -3   4  -9  -7   8   1  -9  -6   8 -10  -4  -6  -1   3   1  -9 -9  -5]
 [ -4  -7  -6   3  -7   5   2 -10  -3  -5   5   8   1   7   9   7  -8  -6  1   1]
 [  3   9   7  -1  -2   8   4  -7  -3  -1  -5   8   3  -6  -6  -8   4   9  8  -4]
 [  9  -5  -3 -10  -5   4   3 -10   8   3  -8  -8   0   9   0 -10  -1   0 -5  -7]
 [  7  -8   9  -9  -8   9   4  -9  -1   7   0   9  -4  -3   0   7  -5  -7  3   4]
 [  4  -5   0   4  -5  -2   6   0   3   6   6 -10   8  -1   3   3   6  -2  9  -9]
 [ -3   1  -1   8 -10  -1  -8 -10   4  -3  -4  -8   7   6   4 -10   6   1  6  -9]]
Матрица F
[[ -3  -4  -9   7  -4  -4   0   7   5  -5   1   6  -6   8  -8   0  -2   4  1   9]
 [ -7  -2  -6  -3   1  -5   6  -5   1 -10   4   9   4   1 -10  -3  -4   7  3  -5]
 [-10  -7  -4   9   8   0  -1 -10   2 -10  -4  -1  -7  -9  -8   4   8   8 -1   0]
 [  7   1  -7   8   4  -3   1   6   8   1   9 -10  -3  -7   7  -2  -2  -4  8   9]
 [ -5  -6  -4  -3  -3   8   5   6  -2  -9   7  -1  -1 -10   3   2   2   3  2   3]
 [  0   9   0   3  -5   1  -5  -2   9  -2   1  -3 -10   1 -10  -5   0   7  6  -9]
 [ -7   1  -4   0  -9  -9   6  -8  -9  -7  -7   6   0 -10  -8   4   4  -8  3   8]
 [  5   2  -4  -7  -2  -7   9   2 -10   2  -2  -6  -6  -8 -10 -10  -3  -3  1  -7]
 [ -7  -4   0  -5   7   3   4   3 -10   9  -1  -1  -6   8  -4  -2   9   7  9 -10]
 [ -2   6  -3   6   4   9  -5  -8   9  -6   0   6  -6  -8   1  -4  -2  -5 -2   9]
 [  3  -7   9   7  -5  -8  -9   4   2  -6   1  -1 -10  -3   4   0   1   1  4   0]
 [ -4   4   0   6  -5  -2  -9   5  -4 -10  -6   3   1  -2  -6   3  -9   0  0   2]
 [ -6   8  -7   8  -9  -1   6   1   1   8   3  -1   7   7  -7  -4   6   3  4   7]
 [ -2   6  -3   4  -9  -7   8   1  -9  -6   8 -10  -4  -6  -1   3   1  -9 -9  -5]
 [ -4  -7  -6   3  -7   5   2 -10  -3  -5   5   8   1   7   9   7  -8  -6  1   1]
 [  3   9   7  -1  -2   8   4  -7  -3  -1  -5   8   3  -6  -6  -8   4   9  8  -4]
 [  9  -5  -3 -10  -5   4   3 -10   8   3  -8  -8   0   9   0 -10  -1   0 -5  -7]
 [  7  -8   9  -9  -8   9   4  -9  -1   7   0   9  -4  -3   0   7  -5  -7  3   4]
 [  4  -5   0   4  -5  -2   6   0   3   6   6 -10   8  -1   3   3   6  -2  9  -9]
 [ -3   1  -1   8 -10  -1  -8 -10   4  -3  -4  -8   7   6   4 -10   6   1  6  -9]]
Матрица C
[[0. 0. 0. 0. 0. 0. 0. 0. 0. 0.]
 [0. 0. 0. 0. 0. 0. 0. 0. 0. 0.]
 [0. 0. 0. 0. 0. 0. 0. 0. 0. 0.]
 [0. 0. 0. 0. 0. 0. 0. 0. 0. 0.]
 [0. 0. 0. 0. 0. 0. 0. 0. 0. 0.]
 [0. 0. 0. 0. 0. 0. 0. 0. 0. 0.]
 [0. 0. 0. 0. 0. 0. 0. 0. 0. 0.]
 [0. 0. 0. 0. 0. 0. 0. 0. 0. 0.]
 [0. 0. 0. 0. 0. 0. 0. 0. 0. 0.]
 [0. 0. 0. 0. 0. 0. 0. 0. 0. 0.]]
Матрица C
[[  1.   6.  -6.   8.  -8.   0.  -2.   4.   1.   9.]
 [  4.   9.   4.   1. -10.  -3.  -4.   7.   3.  -5.]
 [ -4.  -1.  -7.  -9.  -8.   4.   8.   8.  -1.   0.]
 [  9. -10.  -3.  -7.   7.  -2.  -2.  -4.   8.   9.]
 [  7.  -1.  -1. -10.   3.   2.   2.   3.   2.   3.]
 [  1.  -3. -10.   1. -10.  -5.   0.   7.   6.  -9.]
 [ -7.   6.   0. -10.  -8.   4.   4.  -8.   3.   8.]
 [ -2.  -6.  -6.  -8. -10. -10.  -3.  -3.   1.  -7.]
 [ -1.  -1.  -6.   8.  -4.  -2.   9.   7.   9. -10.]
 [  0.   6.  -6.  -8.   1.  -4.  -2.  -5.  -2.   9.]]
матрица G
[[ -3   0   0   0   0   0   0   0   0   0   0   0   0   0   0   0   0   0  0   0]
 [ -7  -2   0   0   0   0   0   0   0   0   0   0   0   0   0   0   0   0  0   0]
 [-10  -7  -4   0   0   0   0   0   0   0   0   0   0   0   0   0   0   0  0   0]
 [  7   1  -7   8   0   0   0   0   0   0   0   0   0   0   0   0   0   0  0   0]
 [ -5  -6  -4  -3  -3   0   0   0   0   0   0   0   0   0   0   0   0   0  0   0]
 [  0   9   0   3  -5   1   0   0   0   0   0   0   0   0   0   0   0   0  0   0]
 [ -7   1  -4   0  -9  -9   6   0   0   0   0   0   0   0   0   0   0   0  0   0]
 [  5   2  -4  -7  -2  -7   9   2   0   0   0   0   0   0   0   0   0   0  0   0]
 [ -7  -4   0  -5   7   3   4   3 -10   0   0   0   0   0   0   0   0   0  0   0]
 [ -2   6  -3   6   4   9  -5  -8   9  -6   0   0   0   0   0   0   0   0  0   0]
 [  3  -7   9   7  -5  -8  -9   4   2  -6   1   0   0   0   0   0   0   0  0   0]
 [ -4   4   0   6  -5  -2  -9   5  -4 -10  -6   3   0   0   0   0   0   0  0   0]
 [ -6   8  -7   8  -9  -1   6   1   1   8   3  -1   7   0   0   0   0   0  0   0]
 [ -2   6  -3   4  -9  -7   8   1  -9  -6   8 -10  -4  -6   0   0   0   0  0   0]
 [ -4  -7  -6   3  -7   5   2 -10  -3  -5   5   8   1   7   9   0   0   0  0   0]
 [  3   9   7  -1  -2   8   4  -7  -3  -1  -5   8   3  -6  -6  -8   0   0  0   0]
 [  9  -5  -3 -10  -5   4   3 -10   8   3  -8  -8   0   9   0 -10  -1   0  0   0]
 [  7  -8   9  -9  -8   9   4  -9  -1   7   0   9  -4  -3   0   7  -5  -7  0   0]
 [  4  -5   0   4  -5  -2   6   0   3   6   6 -10   8  -1   3   3   6  -2  9   0]
 [ -3   1  -1   8 -10  -1  -8 -10   4  -3  -4  -8   7   6   4 -10   6   1  6  -9]]

Ответ:
   24    63    90   -63    45     0    63   -45    63    18   -27    36    54    18    36   -27   -81   -63   -36    27 
   29    16    63    -9    54   -81    -9   -18    36   -54    63   -36   -72   -54    63   -81    45    72    45    -9 
   71    47    32    63    36     0    36    36     0    27   -81     0    63    27    54   -63    27   -81     0     9 
  -56    28   -88   -64    27   -27     0    63    45   -54   -63   -54   -72   -36   -27     9    90    81   -36   -72 
   31   -15   -76   -39    24    45    81    18   -63   -36    45    45    81    81    63    18    45    72    45    90 
   36    54     0    30   -77    -8    81    63   -27   -81    72    18     9    63   -45   -72   -36   -81    18     9 
   -7   -53     5    -9   -54    36   -48   -81   -36    45    81    81   -54   -72   -18   -36   -27   -36   -54    72 
  -58    47    86   -61   -56    11    81   -16   -27    72   -36   -45    -9    -9    90    63    90    81     0    90 
  -52   -13   -18   -77    25   -78    85    93    80   -81   -18    36    -9    81    27    27   -72     9   -27   -36 
   43    96    87    -3    85    27    58   -26   -72    48    54    90   -72    54    45     9   -27   -63   -54    27 
   -6   -43    45   -74   -68   -17    54    22    11    -6    -8    54   -27   -72   -45    45    72     0   -54    36 
  -58   -77     9    96     4    25   -63    59     5   -64     3   -24     9    90   -72   -72    72   -81    90    72 
   48   -28    56    35     0    89     6    55    55    62    93   -10   -56    36    -9   -27     0    36   -72   -63 
  -74    -3    78    67    81   -16    98    73   -81    66    35     8   -67    48   -63    54   -81    27     9   -54 
   68    83    66   -60   -34    95    74    80    33   -14   -31    62    64    16   -72    54     0     0   -27   -36 
    3    36   -29    17   -20    53   -32    83    15    35    -5   -19    39   -33   -69    64    90   -63   -27    90 
   27    31   -75     8   -23     4   -33    17   -73    21   -17    73   -54     0    72   -46     8    45   -54   -54 
  -29   -71   -63    27   -35   -54    76    18   -64    52    -9     9   -31    78    54   -74    -5    56    18    -9 
   -5   -32     9   -68   -23   -56   -21    -9   -78    24   -30   -10   -28    80    -6   -69    51   -29   -72   -54 
  -84    46    -1   -73   -37    80   -80    53    94   -84    -4   -26   -56    51    -5    26    69   -35    87    72 

 Время работы программы: 0.03110361099243164 секунды
 
 
 
